 50.7500 2 2 1 4 31.1800 16.6440 4.5650 4
 54.7000 2 3 1 4 31.8800 18.2100 4.5550 3
 57.6600 5 1 1 4 30.9600 19.5360 5.7650 3
 56.4300 1 1 1 3 30.4200 18.7830 4.7250 5
 52.6900 6 2 2 3 32.7600 17.7600 4.2000 3
 55.2600 2 5 1 2 32.5600 18.6750 5.3650 6
 54.9900 2 2 1 4 31.7000 18.5940 4.9000 3
 54.0500 2 4 2 4 32.9900 18.3930 5.0500 3
 53.7900 3 1 1 3 31.7600 18.3930 5.2000 2
 51.0100 0 3 2 3 33.6300 17.1690 4.9950 3
 56.8800 5 1 2 4 34.6200 18.8490 5.2200 3
 52.1700 1 3 2 4 34.7900 17.1540 4.2500 4
 51.1400 3 3 2 2 33.4100 16.5930 4.3500 6
 51.8500 4 2 2 4 33.5100 17.0970 5.5800 3
 56.9900 2 1 1 3 31.5100 18.9480 5.5800 3
 57.2200 2 2 1 3 31.2800 19.2570 5.2250 4
 54.9600 1 3 2 3 35.5800 17.9700 5.5300 5
 54.7600 1 1 1 3 33.4000 18.3120 4.4150 2
 54.1100 1 0 1 1 32.2600 17.8980 5.3100 5
 54.7700 1 4 1 1 33.0900 18.3180 5.0550 2
 54.5900 3 4 1 4 30.4900 18.0630 4.6150 5
 57.8600 3 3 1 3 33.7200 18.2940 5.6800 4
 52.1200 3 2 2 3 32.7200 17.2200 5.0300 3
 55.4900 2 2 2 4 36.0200 18.4950 5.0650 4
 52.5000 1 3 1 2 33.0400 17.5650 4.9900 2
 54.4100 2 1 1 4 32.2100 18.3930 4.9700 3
 56.0700 3 4 2 3 35.6100 18.5040 5.3250 3
 55.2100 1 0 2 2 35.5600 18.5040 5.3950 4
 56.2700 1 1 1 3 31.8800 18.7170 5.2950 3
 52.7800 2 0 1 2 33.1500 17.1780 3.8900 4
 52.1000 3 3 1 2 32.7000 17.4630 4.6700 5
 56.8400 1 3 1 4 30.6400 18.9690 5.1500 3
 52.6300 3 1 1 2 31.8900 17.4060 4.8500 2
 56.4500 4 4 1 4 31.0400 18.7620 4.5650 2
 53.5000 2 1 1 4 33.4700 18.2070 4.7350 4
 54.4600 2 3 1 4 33.1200 17.4750 4.7500 2
 57.4100 0 4 2 4 36.2100 19.7220 5.5450 4
 54.0600 2 2 2 3 35.1100 18.5640 4.8950 3
 54.6500 3 2 2 2 36.3500 18.5280 5.0650 3
 53.2500 3 1 1 4 30.3700 17.6700 4.9350 2
 53.5800 0 3 2 2 31.9000 17.4570 4.9800 6
 55.3500 4 1 2 1 32.5200 18.1500 4.8050 3
 55.1100 0 1 1 4 32.8400 18.5700 4.8000 3
 55.5200 2 1 1 4 29.9500 18.4290 5.4700 3
 53.2300 2 2 2 4 32.0500 18.3780 5.0600 7
 57.2000 3 1 2 4 32.3000 19.2360 5.0200 7
 53.5100 3 0 1 3 33.6100 17.5710 4.5200 3
 54.6900 1 2 1 2 33.1500 17.5710 5.2550 3
 53.5700 6 1 2 2 34.2700 18.0180 4.7900 3
 51.5900 1 1 2 1 33.1500 16.9050 4.1550 3
 57.6300 0 2 2 2 34.2800 19.3620 5.3100 7
 53.3400 2 4 2 2 34.9700 17.7210 4.5700 4
 52.9600 3 2 2 3 32.9400 18.2460 4.8500 3
 57.6600 4 2 2 1 35.6000 19.3620 5.3400 3
 56.3900 1 4 2 3 35.1300 18.1890 5.2750 5
 53.1400 5 2 2 4 32.8400 17.5410 4.6950 4
 54.8400 3 6 2 2 35.1000 18.3390 4.6400 3
 55.6500 4 2 1 3 31.8400 18.6360 5.3450 2
 53.8000 3 3 1 4 34.0500 17.8500 5.0950 6
 54.9100 3 2 1 3 31.5500 18.1320 4.8850 3
 55.8200 4 1 1 4 31.9400 17.8860 4.6800 2
 54.9300 2 0 2 1 35.7900 18.7830 5.2700 3
 51.0200 2 0 2 3 33.5600 16.7460 4.8950 5
 56.5700 5 3 1 4 32.2400 18.9360 5.5750 2
 53.6000 4 0 1 2 32.5200 17.7450 4.5700 6
 56 4 2 1 3 30.7600 18.6540 4.9100 3
 56.3300 4 0 1 4 31.1700 19.1160 5.5050 4
 51.2000 4 2 1 4 30.9300 17.4600 5.1000 5
 57.0400 2 2 1 2 35.1100 18.9600 5.1100 3
 56.4800 3 1 1 1 30.7600 19.0170 5.2350 3
 53.1400 2 0 2 4 35.2300 17.8560 4.8850 3
 54.9700 4 3 2 3 34.1500 19.1250 5.3650 5
 54.0900 5 3 2 4 34.8500 17.8680 4.7450 7
 51.1200 1 2 1 2 31.6400 16.7190 3.6450 2
 57.9600 3 4 2 3 34.9900 18.3600 5.3800 7
 55.1900 2 3 2 4 34.6200 18.6060 5.3400 3
 55.8500 2 3 1 4 32.1600 19.0380 5.4700 2
 55.7800 4 2 2 1 35.9600 18.4770 4.7550 4
 56.4600 2 3 1 1 30.2000 19.1010 5.7200 2
 56.3000 6 3 2 4 31.6400 18.7710 5.9450 3
 56.5300 2 1 2 2 34.1300 19.4190 5.7050 4
 55.4800 1 2 1 2 33.5500 18.1620 4.3600 2
 55.4100 3 2 2 4 34.9300 18.0960 5.3600 5
 49.8600 1 3 2 1 32.7900 16.5390 3.7150 4
 53.4800 5 2 1 1 30.9700 17.7660 4.4800 2
 56.3200 1 2 1 2 30.6200 19.1190 4.6150 2
 56.7100 4 2 1 1 33.4700 18.2880 5.1100 6
 54.5500 3 4 2 1 34.8700 18.2640 5.7250 4
 55.1500 1 3 1 2 29.5200 17.9070 5.0700 2
 55.5600 5 1 1 4 33.5300 18.0480 5.0650 2
 55.4000 2 1 2 3 35.9300 18.2340 3.8700 3
 54.1800 6 2 1 4 33.4000 18.5520 5.8650 6
 53.1400 5 7 2 4 37.3500 17.8770 4.5600 6
 53.5700 2 1 1 3 32.2300 17.9310 5.4650 5
 55.6300 3 0 2 2 32.1500 18.5670 4.9600 3
 53.6900 3 0 2 4 34.0100 17.9310 4.3550 4
 54.1700 4 4 2 2 33.5100 18.2190 5.1850 3
 55.8400 1 0 2 1 33.3200 18.3210 5.1450 3
 56.6700 2 2 1 3 31.1500 19.1370 5.2700 2
 57.1400 5 3 2 4 33.4900 18.7830 5.0250 6
