 61.3900 56.0800 4 2 1 4 5.2900 47.6850 5
 63.8000 57 1 3 1 2 4.5000 46.8000 5
 61.5900 56.9300 5 1 2 4 5.2850 51.3300 5
 58.8900 53.7000 3 0 1 2 4.4550 49.6050 3
 59.1700 53.8300 4 1 1 1 4.8450 53.2350 4
 62.1500 54.8000 0 1 1 4 5.8450 48.5100 9
 60.7800 55.9400 3 4 1 4 4.5700 44.8200 6
 58.8700 53.7000 2 3 1 2 3.8400 48.3000 3
 58.7500 53.5100 2 5 2 3 5.0050 48.6600 4
 57.6700 52.1000 3 1 2 1 4.1550 48.2400 4
 59.5000 54.3500 7 0 2 2 4.8200 51.0450 3
 60.5200 54.5500 3 2 2 4 4.7400 50.7450 5
 58.8300 52.3400 5 3 1 4 4.7750 47.2500 5
 58.2300 52.9100 4 3 2 2 4.7550 53.1750 7
 60.0200 53.9300 3 6 2 1 5.0800 47.5350 2
 64.4000 58.8400 4 3 2 3 5.7100 47.8950 4
 61.3100 56.6600 4 5 1 4 4.9700 48.4950 6
 66.3000 58.3400 2 2 1 1 6.3450 49.6950 6
 62.3700 55.6000 3 2 1 3 4.0800 49.9650 6
 61.8300 56.2300 6 2 2 1 5.2350 46.8150 6
 58.0800 53.9300 5 3 1 2 4.7150 46.5600 4
 64.1800 56.6400 4 1 2 3 4.9750 50.1150 5
 59.4200 53.3800 3 3 1 1 5.1500 48.0150 2
 64.8200 59.5400 1 1 1 4 5.3600 44.1600 6
 65.2900 58.7500 1 2 1 4 5.4900 49.7250 5
 61.5700 55.1900 1 2 1 2 5.3850 51.6150 4
 61.0600 56.4200 1 1 1 4 5.0850 48.6750 6
 59.9200 52.7000 3 1 2 3 4.3350 52.3050 4
 59.3600 52.8400 2 2 2 1 4.8850 49.6800 3
 64.5400 58.4800 3 2 2 3 5.7000 51.1500 5
 61.9200 55.0100 3 1 1 4 4.6300 47.8650 5
 58.6600 52.7800 2 1 2 2 4.8050 50.4300 3
 60.7200 55.0200 0 1 1 1 4.0950 44.7150 2
 60.1100 54.1400 1 1 2 2 4.7850 51.3000 7
 66.5400 58.5400 3 5 1 2 5.4300 50.3850 3
 62.0600 53.9500 3 0 1 4 5.0500 46.6200 9
 59.1800 53.2800 2 2 1 4 5.0200 46.2450 9
 62.8500 56.9100 4 2 1 2 5.5700 47.8950 3
 63.3600 57.5400 2 1 2 2 5.7150 49.2450 3
 63.2500 57.5300 4 3 2 1 5.3600 54.7950 3
 61.1400 54.6900 2 1 2 4 5.2700 52.5000 7
 60.4600 54.6600 2 1 2 3 4.4000 48.9300 4
 63.2300 55.6700 3 3 1 1 5.5950 47.2200 2
 60.4200 55.9500 1 2 2 4 4.7250 48.5850 6
 63.3500 57.4800 5 0 1 4 4.6150 45.2250 5
 56.7600 52.3900 3 1 2 3 4.7700 48.7650 4
 63.9100 55.7100 0 5 2 2 5.3200 46.9650 4
 57.2700 52.7700 1 0 1 4 5.0700 51.9450 6
 61.2100 54.9900 4 0 2 1 5.0600 51.7800 2
 63.3900 58.2200 2 2 1 4 4.7550 47.1600 5
 62.2700 55.5500 0 3 1 4 5.2100 48.3600 7
 60.0800 54.6700 3 3 1 4 5.0500 45.6000 5
 55.0600 49.6800 3 2 2 3 3.9300 49.5150 8
 62.0100 57.4000 4 4 1 4 5 48.2850 5
 55.9200 50.2300 2 2 2 2 5.0250 49.6650 4
 62.3600 55.4700 5 0 1 3 5.4300 48.3900 6
 57.5200 51.1400 2 1 1 3 4.8900 48.7950 5
 60.3200 54.3000 3 2 2 2 4.4550 48.6750 5
 65.4100 57.9100 1 2 1 3 5.9450 48.9000 4
 58.1000 52.1000 4 3 2 1 4.1300 53.7450 6
 61.8100 56.0900 4 1 2 1 5.0300 51.8100 2
 58.1200 54.4200 3 2 2 4 4.1900 50.8650 5
 63.8600 57.8500 1 2 1 1 4.9450 47.9550 2
 58.2600 54.6200 2 3 1 1 4.4350 51.0900 5
 60.8000 54.3700 2 1 1 3 4.7250 48.8550 7
 60.4100 54.3900 4 3 2 3 5.2750 46.0350 4
 62.1400 56.4600 3 1 1 1 5.6800 48.1650 3
 56.6700 52.2200 6 4 2 2 4.6500 52.1100 3
 58.7200 52.9500 0 3 1 4 5.0100 46.0800 7
 63.4300 59.9400 2 3 2 1 4.5300 48.8700 2
 59.2600 53.2700 4 3 2 3 4.6950 53.5350 7
 63.1000 57.1900 7 6 1 1 4.9250 45.4050 3
 62.2200 57.9100 1 2 1 2 4.4500 46.7850 4
 61.0100 55.9500 4 0 1 2 4.6500 47.3400 3
 62.9700 54.9400 6 0 1 1 5.7200 51.6000 2
 64.6600 58.9800 2 1 1 4 5.3900 47.1900 5
 61.3700 54.4800 1 3 2 3 4.8650 50.0400 4
 57.8400 52.4100 4 2 1 1 5.2000 46.7550 2
 58.7000 53.2300 1 2 2 2 4.3900 54.4950 3
 64.6300 58.1500 3 1 2 2 4.7750 49.4250 3
 61.3900 54.9800 5 3 2 3 4.8000 51.4950 6
 59.4500 54.4600 2 3 1 2 5.3950 49.8900 4
 59.5400 55.0700 2 2 2 1 4.9500 51.7350 3
 59.3400 54.3900 1 3 1 4 4.9850 49.6500 6
 61 54.9000 2 2 1 1 5.6850 46.1550 3
 61.9100 56.3300 1 0 1 3 5.4900 50.2950 4
 60.7300 54.4600 2 1 2 1 5.5350 49.3950 3
 61.8100 56.4900 1 3 1 3 4.5400 46.7850 8
 60.0100 54.8100 0 1 2 2 5.0650 50.2500 3
 55.4100 51.4000 3 2 2 2 4.1400 51.5850 3
 61.1500 54.5800 1 3 2 2 4.3500 48.5400 3
 59.2500 52.4000 5 2 2 2 4.7800 51.6900 7
 62.0700 56.4400 1 1 2 2 5.2150 45.5850 3
 58.3500 52.1600 1 0 2 4 5.2500 47.5950 8
 65.7600 57.6800 6 4 2 2 4.9450 49.3350 7
 59.0200 51.1700 3 3 1 1 5.6200 45.7500 2
 61.8500 56.6300 2 1 1 3 5.0050 48.7050 4
 60.4100 54.2400 2 4 2 1 4.7700 51.3750 4
 59.0400 53.1900 3 3 1 4 4.2900 46.7250 5
 60.4200 55 1 1 2 2 5.0400 46.6950 3
