 55.4800 9.1300 2 2 1 4 76.1250 46.7700 5
 60.7000 9.1100 2 3 1 4 82.0500 47.8200 5
 65.1200 11.5300 5 1 1 4 86.4900 46.4400 3
 62.6100 9.4500 1 1 1 3 84.6450 45.6300 5
 59.2000 8.4000 6 2 2 3 79.0350 49.1400 3
 62.2500 10.7300 2 5 1 2 82.8900 48.8400 10
 61.9800 9.8000 2 2 1 4 82.4850 47.5500 4
 61.3100 10.1000 2 4 2 4 81.0750 49.4850 5
 61.3100 10.4000 3 1 1 3 80.6850 47.6400 2
 57.2300 9.9900 0 3 2 3 76.5150 50.4450 4
 62.8300 10.4400 5 1 2 4 85.3200 51.9300 2
 57.1800 8.5000 1 3 2 4 78.2550 52.1850 5
 55.3100 8.7000 3 3 2 2 76.7100 50.1150 7
 56.9900 11.1600 4 2 2 4 77.7750 50.2650 3
 63.1600 11.1600 2 1 1 3 85.4850 47.2650 3
 64.1900 10.4500 2 2 1 3 85.8300 46.9200 5
 59.9000 11.0600 1 3 2 3 82.4400 53.3700 6
 61.0400 8.8300 1 1 1 3 82.1400 50.1000 2
 59.6600 10.6200 1 0 1 1 81.1650 48.3900 4
 61.0600 10.1100 1 4 1 1 82.1550 49.6350 5
 60.2100 9.2300 3 4 1 4 81.8850 45.7350 8
 60.9800 11.3600 3 3 1 3 86.7900 50.5800 6
 57.4000 10.0600 3 2 2 3 78.1800 49.0800 3
 61.6500 10.1300 2 2 2 4 83.2350 54.0300 4
 58.5500 9.9800 1 3 1 2 78.7500 49.5600 4
 61.3100 9.9400 2 1 1 4 81.6150 48.3150 3
 61.6800 10.6500 3 4 2 3 84.1050 53.4150 5
 61.6800 10.7900 1 0 2 2 82.8150 53.3400 2
 62.3900 10.5900 1 1 1 3 84.4050 47.8200 3
 57.2600 7.7800 2 0 1 2 79.1700 49.7250 3
 58.2100 9.3400 3 3 1 2 78.1500 49.0500 7
 63.2300 10.3000 1 3 1 4 85.2600 45.9600 5
 58.0200 9.7000 3 1 1 2 78.9450 47.8350 2
 62.5400 9.1300 4 4 1 4 84.6750 46.5600 5
 60.6900 9.4700 2 1 1 4 80.2500 50.2050 4
 58.2500 9.5000 2 3 1 4 81.6900 49.6800 4
 65.7400 11.0900 0 4 2 4 86.1150 54.3150 6
 61.8800 9.7900 2 2 2 3 81.0900 52.6650 3
 61.7600 10.1300 3 2 2 2 81.9750 54.5250 3
 58.9000 9.8700 3 1 1 4 79.8750 45.5550 2
 58.1900 9.9600 0 3 2 2 80.3700 47.8500 7
 60.5000 9.6100 4 1 2 1 83.0250 48.7800 2
 61.9000 9.6000 0 1 1 4 82.6650 49.2600 3
 61.4300 10.9400 2 1 1 4 83.2800 44.9250 3
 61.2600 10.1200 2 2 2 4 79.8450 48.0750 7
 64.1200 10.0400 3 1 2 4 85.8000 48.4500 6
 58.5700 9.0400 3 0 1 3 80.2650 50.4150 2
 58.5700 10.5100 1 2 1 2 82.0350 49.7250 4
 60.0600 9.5800 6 1 2 2 80.3550 51.4050 2
 56.3500 8.3100 1 1 2 1 77.3850 49.7250 2
 64.5400 10.6200 0 2 2 2 86.4450 51.4200 7
 59.0700 9.1400 2 4 2 2 80.0100 52.4550 6
 60.8200 9.7000 3 2 2 3 79.4400 49.4100 3
 64.5400 10.6800 4 2 2 1 86.4900 53.4000 3
 60.6300 10.5500 1 4 2 3 84.5850 52.6950 7
 58.4700 9.3900 5 2 2 4 79.7100 49.2600 4
 61.1300 9.2800 3 6 2 2 82.2600 52.6500 7
 62.1200 10.6900 4 2 1 3 83.4750 47.7600 3
 59.5000 10.1900 3 3 1 4 80.7000 51.0750 8
 60.4400 9.7700 3 2 1 3 82.3650 47.3250 4
 59.6200 9.3600 4 1 1 4 83.7300 47.9100 2
 62.6100 10.5400 2 0 2 1 82.3950 53.6850 1
 55.8200 9.7900 2 0 2 3 76.5300 50.3400 3
 63.1200 11.1500 5 3 1 4 84.8550 48.3600 4
 59.1500 9.1400 4 0 1 2 80.4000 48.7800 5
 62.1800 9.8200 4 2 1 3 84 46.1400 4
 63.7200 11.0100 4 0 1 4 84.4950 46.7550 3
 58.2000 10.2000 4 2 1 4 76.8000 46.3950 6
 63.2000 10.2200 2 2 1 2 85.5600 52.6650 4
 63.3900 10.4700 3 1 1 1 84.7200 46.1400 3
 59.5200 9.7700 2 0 2 4 79.7100 52.8450 1
 63.7500 10.7300 4 3 2 3 82.4550 51.2250 6
 59.5600 9.4900 5 3 2 4 81.1350 52.2750 8
 55.7300 7.2900 1 2 1 2 76.6800 47.4600 3
 61.2000 10.7600 3 4 2 3 86.9400 52.4850 9
 62.0200 10.6800 2 3 2 4 82.7850 51.9300 4
 63.4600 10.9400 2 3 1 4 83.7750 48.2400 4
 61.5900 9.5100 4 2 2 1 83.6700 53.9400 4
 63.6700 11.4400 2 3 1 1 84.6900 45.3000 4
 62.5700 11.8900 6 3 2 4 84.4500 47.4600 4
 64.7300 11.4100 2 1 2 2 84.7950 51.1950 3
 60.5400 8.7200 1 2 1 2 83.2200 50.3250 3
 60.3200 10.7200 3 2 2 4 83.1150 52.3950 5
 55.1300 7.4300 1 3 2 1 74.7900 49.1850 5
 59.2200 8.9600 5 2 1 1 80.2200 46.4550 3
 63.7300 9.2300 1 2 1 2 84.4800 45.9300 3
 60.9600 10.2200 4 2 1 1 85.0650 50.2050 7
 60.8800 11.4500 3 4 2 1 81.8250 52.3050 6
 59.6900 10.1400 1 3 1 2 82.7250 44.2800 4
 60.1600 10.1300 5 1 1 4 83.3400 50.2950 2
 60.7800 7.7400 2 1 2 3 83.1000 53.8950 2
 61.8400 11.7300 6 2 1 4 81.2700 50.1000 7
 59.5900 9.1200 5 7 2 4 79.7100 56.0250 11
 59.7700 10.9300 2 1 1 3 80.3550 48.3450 5
 61.8900 9.9200 3 0 2 2 83.4450 48.2250 1
 59.7700 8.7100 3 0 2 4 80.5350 51.0150 2
 60.7300 10.3700 4 4 2 2 81.2550 50.2650 5
 61.0700 10.2900 1 0 2 1 83.7600 49.9800 1
 63.7900 10.5400 2 2 1 3 85.0050 46.7250 3
 62.6100 10.0500 5 3 2 4 85.7100 50.2350 7
