 61.3900 10.5800 4 2 1 4 84.1200 47.6850 3
 63.8000 9 1 3 1 2 85.5000 46.8000 6
 61.5900 10.5700 5 1 2 4 85.3950 51.3300 2
 58.8900 8.9100 3 0 1 2 80.5500 49.6050 1
 59.1700 9.6900 4 1 1 1 80.7450 53.2350 4
 62.1500 11.6900 0 1 1 4 82.2000 48.5100 6
 60.7800 9.1400 3 4 1 4 83.9100 44.8200 6
 58.8700 7.6800 2 3 1 2 80.5500 48.3000 4
 58.7500 10.0100 2 5 2 3 80.2650 48.6600 6
 57.6700 8.3100 3 1 2 1 78.1500 48.2400 4
 59.5000 9.6400 7 0 2 2 81.5250 51.0450 1
 60.5200 9.4800 3 2 2 4 81.8250 50.7450 3
 58.8300 9.5500 5 3 1 4 78.5100 47.2500 4
 58.2300 9.5100 4 3 2 2 79.3650 53.1750 8
 60.0200 10.1600 3 6 2 1 80.8950 47.5350 7
 64.4000 11.4200 4 3 2 3 88.2600 47.8950 4
 61.3100 9.9400 4 5 1 4 84.9900 48.4950 7
 66.3000 12.6900 2 2 1 1 87.5100 49.6950 7
 62.3700 8.1600 3 2 1 3 83.4000 49.9650 5
 61.8300 10.4700 6 2 2 1 84.3450 46.8150 7
 58.0800 9.4300 5 3 1 2 80.8950 46.5600 5
 64.1800 9.9500 4 1 2 3 84.9600 50.1150 3
 59.4200 10.3000 3 3 1 1 80.0700 48.0150 4
 64.8200 10.7200 1 1 1 4 89.3100 44.1600 3
 65.2900 10.9800 1 2 1 4 88.1250 49.7250 3
 61.5700 10.7700 1 2 1 2 82.7850 51.6150 4
 61.0600 10.1700 1 1 1 4 84.6300 48.6750 3
 59.9200 8.6700 3 1 2 3 79.0500 52.3050 2
 59.3600 9.7700 2 2 2 1 79.2600 49.6800 4
 64.5400 11.4000 3 2 2 3 87.7200 51.1500 4
 61.9200 9.2600 3 1 1 4 82.5150 47.8650 2
 58.6600 9.6100 2 1 2 2 79.1700 50.4300 2
 60.7200 8.1900 0 1 1 1 82.5300 44.7150 2
 60.1100 9.5700 1 1 2 2 81.2100 51.3000 6
 66.5400 10.8600 3 5 1 2 87.8100 50.3850 6
 62.0600 10.1000 3 0 1 4 80.9250 46.6200 5
 59.1800 10.0400 2 2 1 4 79.9200 46.2450 7
 62.8500 11.1400 4 2 1 2 85.3650 47.8950 3
 63.3600 11.4300 2 1 2 2 86.3100 49.2450 2
 63.2500 10.7200 4 3 2 1 86.2950 54.7950 5
 61.1400 10.5400 2 1 2 4 82.0350 52.5000 4
 60.4600 8.8000 2 1 2 3 81.9900 48.9300 2
 63.2300 11.1900 3 3 1 1 83.5050 47.2200 4
 60.4200 9.4500 1 2 2 4 83.9250 48.5850 4
 63.3500 9.2300 5 0 1 4 86.2200 45.2250 1
 56.7600 9.5400 3 1 2 3 78.5850 48.7650 2
 63.9100 10.6400 0 5 2 2 83.5650 46.9650 7
 57.2700 10.1400 1 0 1 4 79.1550 51.9450 2
 61.2100 10.1200 4 0 2 1 82.4850 51.7800 1
 63.3900 9.5100 2 2 1 4 87.3300 47.1600 3
 62.2700 10.4200 0 3 1 4 83.3250 48.3600 6
 60.0800 10.1000 3 3 1 4 82.0050 45.6000 4
 55.0600 7.8600 3 2 2 3 74.5200 49.5150 7
 62.0100 10 4 4 1 4 86.1000 48.2850 5
 55.9200 10.0500 2 2 2 2 75.3450 49.6650 4
 62.3600 10.8600 5 0 1 3 83.2050 48.3900 3
 57.5200 9.7800 2 1 1 3 76.7100 48.7950 3
 60.3200 8.9100 3 2 2 2 81.4500 48.6750 5
 65.4100 11.8900 1 2 1 3 86.8650 48.9000 3
 58.1000 8.2600 4 3 2 1 78.1500 53.7450 8
 61.8100 10.0600 4 1 2 1 84.1350 51.8100 2
 58.1200 8.3800 3 2 2 4 81.6300 50.8650 3
 63.8600 9.8900 1 2 1 1 86.7750 47.9550 3
 58.2600 8.8700 2 3 1 1 81.9300 51.0900 7
 60.8000 9.4500 2 1 1 3 81.5550 48.8550 5
 60.4100 10.5500 4 3 2 3 81.5850 46.0350 4
 62.1400 11.3600 3 1 1 1 84.6900 48.1650 3
 56.6700 9.3000 6 4 2 2 78.3300 52.1100 5
 58.7200 10.0200 0 3 1 4 79.4250 46.0800 6
 63.4300 9.0600 2 3 2 1 89.9100 48.8700 4
 59.2600 9.3900 4 3 2 3 79.9050 53.5350 7
 63.1000 9.8500 7 6 1 1 85.7850 45.4050 8
 62.2200 8.9000 1 2 1 2 86.8650 46.7850 4
 61.0100 9.3000 4 0 1 2 83.9250 47.3400 1
 62.9700 11.4400 6 0 1 1 82.4100 51.6000 1
 64.6600 10.7800 2 1 1 4 88.4700 47.1900 2
 61.3700 9.7300 1 3 2 3 81.7200 50.0400 4
 57.8400 10.4000 4 2 1 1 78.6150 46.7550 3
 58.7000 8.7800 1 2 2 2 79.8450 54.4950 3
 64.6300 9.5500 3 1 2 2 87.2250 49.4250 2
 61.3900 9.6000 5 3 2 3 82.4700 51.4950 6
 59.4500 10.7900 2 3 1 2 81.6900 49.8900 5
 59.5400 9.9000 2 2 2 1 82.6050 51.7350 4
 59.3400 9.9700 1 3 1 4 81.5850 49.6500 5
 61 11.3700 2 2 1 1 82.3500 46.1550 4
 61.9100 10.9800 1 0 1 3 84.4950 50.2950 1
 60.7300 11.0700 2 1 2 1 81.6900 49.3950 3
 61.8100 9.0800 1 3 1 3 84.7350 46.7850 8
 60.0100 10.1300 0 1 2 2 82.2150 50.2500 2
 55.4100 8.2800 3 2 2 2 77.1000 51.5850 3
 61.1500 8.7000 1 3 2 2 81.8700 48.5400 4
 59.2500 9.5600 5 2 2 2 78.6000 51.6900 7
 62.0700 10.4300 1 1 2 2 84.6600 45.5850 2
 58.3500 10.5000 1 0 2 4 78.2400 47.5950 4
 65.7600 9.8900 6 4 2 2 86.5200 49.3350 9
 59.0200 11.2400 3 3 1 1 76.7550 45.7500 4
 61.8500 10.0100 2 1 1 3 84.9450 48.7050 2
 60.4100 9.5400 2 4 2 1 81.3600 51.3750 7
 59.0400 8.5800 3 3 1 4 79.7850 46.7250 4
 60.4200 10.0800 1 1 2 2 82.5000 46.6950 2
