 56.0800 10.5800 4 2 1 4 18.4170 47.6850 2
 57 9 1 3 1 2 19.1400 46.8000 4
 56.9300 10.5700 5 1 2 4 18.4770 51.3300 3
 53.7000 8.9100 3 0 1 2 17.6670 49.6050 2
 53.8300 9.6900 4 1 1 1 17.7510 53.2350 4
 54.8000 11.6900 0 1 1 4 18.6450 48.5100 6
 55.9400 9.1400 3 4 1 4 18.2340 44.8200 3
 53.7000 7.6800 2 3 1 2 17.6610 48.3000 2
 53.5100 10.0100 2 5 2 3 17.6250 48.6600 3
 52.1000 8.3100 3 1 2 1 17.3010 48.2400 5
 54.3500 9.6400 7 0 2 2 17.8500 51.0450 3
 54.5500 9.4800 3 2 2 4 18.1560 50.7450 3
 52.3400 9.5500 5 3 1 4 17.6490 47.2500 2
 52.9100 9.5100 4 3 2 2 17.4690 53.1750 7
 53.9300 10.1600 3 6 2 1 18.0060 47.5350 3
 58.8400 11.4200 4 3 2 3 19.3200 47.8950 3
 56.6600 9.9400 4 5 1 4 18.3930 48.4950 3
 58.3400 12.6900 2 2 1 1 19.8900 49.6950 6
 55.6000 8.1600 3 2 1 3 18.7110 49.9650 4
 56.2300 10.4700 6 2 2 1 18.5490 46.8150 7
 53.9300 9.4300 5 3 1 2 17.4240 46.5600 3
 56.6400 9.9500 4 1 2 3 19.2540 50.1150 4
 53.3800 10.3000 3 3 1 1 17.8260 48.0150 2
 59.5400 10.7200 1 1 1 4 19.4460 44.1600 3
 58.7500 10.9800 1 2 1 4 19.5870 49.7250 2
 55.1900 10.7700 1 2 1 2 18.4710 51.6150 3
 56.4200 10.1700 1 1 1 4 18.3180 48.6750 3
 52.7000 8.6700 3 1 2 3 17.9760 52.3050 3
 52.8400 9.7700 2 2 2 1 17.8080 49.6800 4
 58.4800 11.4000 3 2 2 3 19.3620 51.1500 4
 55.0100 9.2600 3 1 1 4 18.5760 47.8650 2
 52.7800 9.6100 2 1 2 2 17.5980 50.4300 3
 55.0200 8.1900 0 1 1 1 18.2160 44.7150 2
 54.1400 9.5700 1 1 2 2 18.0330 51.3000 7
 58.5400 10.8600 3 5 1 2 19.9620 50.3850 2
 53.9500 10.1000 3 0 1 4 18.6180 46.6200 6
 53.2800 10.0400 2 2 1 4 17.7540 46.2450 6
 56.9100 11.1400 4 2 1 2 18.8550 47.8950 2
 57.5400 11.4300 2 1 2 2 19.0080 49.2450 3
 57.5300 10.7200 4 3 2 1 18.9750 54.7950 4
 54.6900 10.5400 2 1 2 4 18.3420 52.5000 5
 54.6600 8.8000 2 1 2 3 18.1380 48.9300 3
 55.6700 11.1900 3 3 1 1 18.9690 47.2200 2
 55.9500 9.4500 1 2 2 4 18.1260 48.5850 4
 57.4800 9.2300 5 0 1 4 19.0050 45.2250 2
 52.3900 9.5400 3 1 2 3 17.0280 48.7650 3
 55.7100 10.6400 0 5 2 2 19.1730 46.9650 4
 52.7700 10.1400 1 0 1 4 17.1810 51.9450 3
 54.9900 10.1200 4 0 2 1 18.3630 51.7800 3
 58.2200 9.5100 2 2 1 4 19.0170 47.1600 2
 55.5500 10.4200 0 3 1 4 18.6810 48.3600 4
 54.6700 10.1000 3 3 1 4 18.0240 45.6000 2
 49.6800 7.8600 3 2 2 3 16.5180 49.5150 7
 57.4000 10 4 4 1 4 18.6030 48.2850 2
 50.2300 10.0500 2 2 2 2 16.7760 49.6650 4
 55.4700 10.8600 5 0 1 3 18.7080 48.3900 4
 51.1400 9.7800 2 1 1 3 17.2560 48.7950 3
 54.3000 8.9100 3 2 2 2 18.0960 48.6750 5
 57.9100 11.8900 1 2 1 3 19.6230 48.9000 2
 52.1000 8.2600 4 3 2 1 17.4300 53.7450 7
 56.0900 10.0600 4 1 2 1 18.5430 51.8100 3
 54.4200 8.3800 3 2 2 4 17.4360 50.8650 3
 57.8500 9.8900 1 2 1 1 19.1580 47.9550 2
 54.6200 8.8700 2 3 1 1 17.4780 51.0900 5
 54.3700 9.4500 2 1 1 3 18.2400 48.8550 5
 54.3900 10.5500 4 3 2 3 18.1230 46.0350 3
 56.4600 11.3600 3 1 1 1 18.6420 48.1650 3
 52.2200 9.3000 6 4 2 2 17.0010 52.1100 3
 52.9500 10.0200 0 3 1 4 17.6160 46.0800 4
 59.9400 9.0600 2 3 2 1 19.0290 48.8700 3
 53.2700 9.3900 4 3 2 3 17.7780 53.5350 6
 57.1900 9.8500 7 6 1 1 18.9300 45.4050 3
 57.9100 8.9000 1 2 1 2 18.6660 46.7850 3
 55.9500 9.3000 4 0 1 2 18.3030 47.3400 2
 54.9400 11.4400 6 0 1 1 18.8910 51.6000 2
 58.9800 10.7800 2 1 1 4 19.3980 47.1900 2
 54.4800 9.7300 1 3 2 3 18.4110 50.0400 3
 52.4100 10.4000 4 2 1 1 17.3520 46.7550 2
 53.2300 8.7800 1 2 2 2 17.6100 54.4950 3
 58.1500 9.5500 3 1 2 2 19.3890 49.4250 3
 54.9800 9.6000 5 3 2 3 18.4170 51.4950 5
 54.4600 10.7900 2 3 1 2 17.8350 49.8900 3
 55.0700 9.9000 2 2 2 1 17.8620 51.7350 4
 54.3900 9.9700 1 3 1 4 17.8020 49.6500 3
 54.9000 11.3700 2 2 1 1 18.3000 46.1550 3
 56.3300 10.9800 1 0 1 3 18.5730 50.2950 2
 54.4600 11.0700 2 1 2 1 18.2190 49.3950 4
 56.4900 9.0800 1 3 1 3 18.5430 46.7850 6
 54.8100 10.1300 0 1 2 2 18.0030 50.2500 3
 51.4000 8.2800 3 2 2 2 16.6230 51.5850 3
 54.5800 8.7000 1 3 2 2 18.3450 48.5400 3
 52.4000 9.5600 5 2 2 2 17.7750 51.6900 7
 56.4400 10.4300 1 1 2 2 18.6210 45.5850 3
 52.1600 10.5000 1 0 2 4 17.5050 47.5950 6
 57.6800 9.8900 6 4 2 2 19.7280 49.3350 7
 51.1700 11.2400 3 3 1 1 17.7060 45.7500 2
 56.6300 10.0100 2 1 1 3 18.5550 48.7050 2
 54.2400 9.5400 2 4 2 1 18.1230 51.3750 5
 53.1900 8.5800 3 3 1 4 17.7120 46.7250 2
 55 10.0800 1 1 2 2 18.1260 46.6950 3
