 56.0800 4 2 1 4 31.7900 18.4170 5.2900 2
 57 1 3 1 2 31.2000 19.1400 4.5000 4
 56.9300 5 1 2 4 34.2200 18.4770 5.2850 3
 53.7000 3 0 1 2 33.0700 17.6670 4.4550 2
 53.8300 4 1 1 1 35.4900 17.7510 4.8450 4
 54.8000 0 1 1 4 32.3400 18.6450 5.8450 6
 55.9400 3 4 1 4 29.8800 18.2340 4.5700 3
 53.7000 2 3 1 2 32.2000 17.6610 3.8400 2
 53.5100 2 5 2 3 32.4400 17.6250 5.0050 3
 52.1000 3 1 2 1 32.1600 17.3010 4.1550 5
 54.3500 7 0 2 2 34.0300 17.8500 4.8200 3
 54.5500 3 2 2 4 33.8300 18.1560 4.7400 3
 52.3400 5 3 1 4 31.5000 17.6490 4.7750 2
 52.9100 4 3 2 2 35.4500 17.4690 4.7550 7
 53.9300 3 6 2 1 31.6900 18.0060 5.0800 3
 58.8400 4 3 2 3 31.9300 19.3200 5.7100 3
 56.6600 4 5 1 4 32.3300 18.3930 4.9700 3
 58.3400 2 2 1 1 33.1300 19.8900 6.3450 6
 55.6000 3 2 1 3 33.3100 18.7110 4.0800 4
 56.2300 6 2 2 1 31.2100 18.5490 5.2350 7
 53.9300 5 3 1 2 31.0400 17.4240 4.7150 3
 56.6400 4 1 2 3 33.4100 19.2540 4.9750 4
 53.3800 3 3 1 1 32.0100 17.8260 5.1500 2
 59.5400 1 1 1 4 29.4400 19.4460 5.3600 3
 58.7500 1 2 1 4 33.1500 19.5870 5.4900 2
 55.1900 1 2 1 2 34.4100 18.4710 5.3850 3
 56.4200 1 1 1 4 32.4500 18.3180 5.0850 3
 52.7000 3 1 2 3 34.8700 17.9760 4.3350 3
 52.8400 2 2 2 1 33.1200 17.8080 4.8850 4
 58.4800 3 2 2 3 34.1000 19.3620 5.7000 4
 55.0100 3 1 1 4 31.9100 18.5760 4.6300 2
 52.7800 2 1 2 2 33.6200 17.5980 4.8050 3
 55.0200 0 1 1 1 29.8100 18.2160 4.0950 2
 54.1400 1 1 2 2 34.2000 18.0330 4.7850 7
 58.5400 3 5 1 2 33.5900 19.9620 5.4300 2
 53.9500 3 0 1 4 31.0800 18.6180 5.0500 6
 53.2800 2 2 1 4 30.8300 17.7540 5.0200 6
 56.9100 4 2 1 2 31.9300 18.8550 5.5700 2
 57.5400 2 1 2 2 32.8300 19.0080 5.7150 3
 57.5300 4 3 2 1 36.5300 18.9750 5.3600 4
 54.6900 2 1 2 4 35 18.3420 5.2700 5
 54.6600 2 1 2 3 32.6200 18.1380 4.4000 3
 55.6700 3 3 1 1 31.4800 18.9690 5.5950 2
 55.9500 1 2 2 4 32.3900 18.1260 4.7250 4
 57.4800 5 0 1 4 30.1500 19.0050 4.6150 2
 52.3900 3 1 2 3 32.5100 17.0280 4.7700 3
 55.7100 0 5 2 2 31.3100 19.1730 5.3200 4
 52.7700 1 0 1 4 34.6300 17.1810 5.0700 3
 54.9900 4 0 2 1 34.5200 18.3630 5.0600 3
 58.2200 2 2 1 4 31.4400 19.0170 4.7550 2
 55.5500 0 3 1 4 32.2400 18.6810 5.2100 4
 54.6700 3 3 1 4 30.4000 18.0240 5.0500 2
 49.6800 3 2 2 3 33.0100 16.5180 3.9300 7
 57.4000 4 4 1 4 32.1900 18.6030 5 2
 50.2300 2 2 2 2 33.1100 16.7760 5.0250 4
 55.4700 5 0 1 3 32.2600 18.7080 5.4300 4
 51.1400 2 1 1 3 32.5300 17.2560 4.8900 3
 54.3000 3 2 2 2 32.4500 18.0960 4.4550 5
 57.9100 1 2 1 3 32.6000 19.6230 5.9450 2
 52.1000 4 3 2 1 35.8300 17.4300 4.1300 7
 56.0900 4 1 2 1 34.5400 18.5430 5.0300 3
 54.4200 3 2 2 4 33.9100 17.4360 4.1900 3
 57.8500 1 2 1 1 31.9700 19.1580 4.9450 2
 54.6200 2 3 1 1 34.0600 17.4780 4.4350 5
 54.3700 2 1 1 3 32.5700 18.2400 4.7250 5
 54.3900 4 3 2 3 30.6900 18.1230 5.2750 3
 56.4600 3 1 1 1 32.1100 18.6420 5.6800 3
 52.2200 6 4 2 2 34.7400 17.0010 4.6500 3
 52.9500 0 3 1 4 30.7200 17.6160 5.0100 4
 59.9400 2 3 2 1 32.5800 19.0290 4.5300 3
 53.2700 4 3 2 3 35.6900 17.7780 4.6950 6
 57.1900 7 6 1 1 30.2700 18.9300 4.9250 3
 57.9100 1 2 1 2 31.1900 18.6660 4.4500 3
 55.9500 4 0 1 2 31.5600 18.3030 4.6500 2
 54.9400 6 0 1 1 34.4000 18.8910 5.7200 2
 58.9800 2 1 1 4 31.4600 19.3980 5.3900 2
 54.4800 1 3 2 3 33.3600 18.4110 4.8650 3
 52.4100 4 2 1 1 31.1700 17.3520 5.2000 2
 53.2300 1 2 2 2 36.3300 17.6100 4.3900 3
 58.1500 3 1 2 2 32.9500 19.3890 4.7750 3
 54.9800 5 3 2 3 34.3300 18.4170 4.8000 5
 54.4600 2 3 1 2 33.2600 17.8350 5.3950 3
 55.0700 2 2 2 1 34.4900 17.8620 4.9500 4
 54.3900 1 3 1 4 33.1000 17.8020 4.9850 3
 54.9000 2 2 1 1 30.7700 18.3000 5.6850 3
 56.3300 1 0 1 3 33.5300 18.5730 5.4900 2
 54.4600 2 1 2 1 32.9300 18.2190 5.5350 4
 56.4900 1 3 1 3 31.1900 18.5430 4.5400 6
 54.8100 0 1 2 2 33.5000 18.0030 5.0650 3
 51.4000 3 2 2 2 34.3900 16.6230 4.1400 3
 54.5800 1 3 2 2 32.3600 18.3450 4.3500 3
 52.4000 5 2 2 2 34.4600 17.7750 4.7800 7
 56.4400 1 1 2 2 30.3900 18.6210 5.2150 3
 52.1600 1 0 2 4 31.7300 17.5050 5.2500 6
 57.6800 6 4 2 2 32.8900 19.7280 4.9450 7
 51.1700 3 3 1 1 30.5000 17.7060 5.6200 2
 56.6300 2 1 1 3 32.4700 18.5550 5.0050 2
 54.2400 2 4 2 1 34.2500 18.1230 4.7700 5
 53.1900 3 3 1 4 31.1500 17.7120 4.2900 2
 55 1 1 2 2 31.1300 18.1260 5.0400 3
