 55.4800 2 2 1 4 31.1800 76.1250 4.5650 5
 60.7000 2 3 1 4 31.8800 82.0500 4.5550 5
 65.1200 5 1 1 4 30.9600 86.4900 5.7650 3
 62.6100 1 1 1 3 30.4200 84.6450 4.7250 5
 59.2000 6 2 2 3 32.7600 79.0350 4.2000 3
 62.2500 2 5 1 2 32.5600 82.8900 5.3650 10
 61.9800 2 2 1 4 31.7000 82.4850 4.9000 4
 61.3100 2 4 2 4 32.9900 81.0750 5.0500 5
 61.3100 3 1 1 3 31.7600 80.6850 5.2000 2
 57.2300 0 3 2 3 33.6300 76.5150 4.9950 4
 62.8300 5 1 2 4 34.6200 85.3200 5.2200 2
 57.1800 1 3 2 4 34.7900 78.2550 4.2500 5
 55.3100 3 3 2 2 33.4100 76.7100 4.3500 7
 56.9900 4 2 2 4 33.5100 77.7750 5.5800 3
 63.1600 2 1 1 3 31.5100 85.4850 5.5800 3
 64.1900 2 2 1 3 31.2800 85.8300 5.2250 5
 59.9000 1 3 2 3 35.5800 82.4400 5.5300 6
 61.0400 1 1 1 3 33.4000 82.1400 4.4150 2
 59.6600 1 0 1 1 32.2600 81.1650 5.3100 4
 61.0600 1 4 1 1 33.0900 82.1550 5.0550 5
 60.2100 3 4 1 4 30.4900 81.8850 4.6150 8
 60.9800 3 3 1 3 33.7200 86.7900 5.6800 6
 57.4000 3 2 2 3 32.7200 78.1800 5.0300 3
 61.6500 2 2 2 4 36.0200 83.2350 5.0650 4
 58.5500 1 3 1 2 33.0400 78.7500 4.9900 4
 61.3100 2 1 1 4 32.2100 81.6150 4.9700 3
 61.6800 3 4 2 3 35.6100 84.1050 5.3250 5
 61.6800 1 0 2 2 35.5600 82.8150 5.3950 2
 62.3900 1 1 1 3 31.8800 84.4050 5.2950 3
 57.2600 2 0 1 2 33.1500 79.1700 3.8900 3
 58.2100 3 3 1 2 32.7000 78.1500 4.6700 7
 63.2300 1 3 1 4 30.6400 85.2600 5.1500 5
 58.0200 3 1 1 2 31.8900 78.9450 4.8500 2
 62.5400 4 4 1 4 31.0400 84.6750 4.5650 5
 60.6900 2 1 1 4 33.4700 80.2500 4.7350 4
 58.2500 2 3 1 4 33.1200 81.6900 4.7500 4
 65.7400 0 4 2 4 36.2100 86.1150 5.5450 6
 61.8800 2 2 2 3 35.1100 81.0900 4.8950 3
 61.7600 3 2 2 2 36.3500 81.9750 5.0650 3
 58.9000 3 1 1 4 30.3700 79.8750 4.9350 2
 58.1900 0 3 2 2 31.9000 80.3700 4.9800 7
 60.5000 4 1 2 1 32.5200 83.0250 4.8050 2
 61.9000 0 1 1 4 32.8400 82.6650 4.8000 3
 61.4300 2 1 1 4 29.9500 83.2800 5.4700 3
 61.2600 2 2 2 4 32.0500 79.8450 5.0600 7
 64.1200 3 1 2 4 32.3000 85.8000 5.0200 6
 58.5700 3 0 1 3 33.6100 80.2650 4.5200 2
 58.5700 1 2 1 2 33.1500 82.0350 5.2550 4
 60.0600 6 1 2 2 34.2700 80.3550 4.7900 2
 56.3500 1 1 2 1 33.1500 77.3850 4.1550 2
 64.5400 0 2 2 2 34.2800 86.4450 5.3100 7
 59.0700 2 4 2 2 34.9700 80.0100 4.5700 6
 60.8200 3 2 2 3 32.9400 79.4400 4.8500 3
 64.5400 4 2 2 1 35.6000 86.4900 5.3400 3
 60.6300 1 4 2 3 35.1300 84.5850 5.2750 7
 58.4700 5 2 2 4 32.8400 79.7100 4.6950 4
 61.1300 3 6 2 2 35.1000 82.2600 4.6400 7
 62.1200 4 2 1 3 31.8400 83.4750 5.3450 3
 59.5000 3 3 1 4 34.0500 80.7000 5.0950 8
 60.4400 3 2 1 3 31.5500 82.3650 4.8850 4
 59.6200 4 1 1 4 31.9400 83.7300 4.6800 2
 62.6100 2 0 2 1 35.7900 82.3950 5.2700 1
 55.8200 2 0 2 3 33.5600 76.5300 4.8950 3
 63.1200 5 3 1 4 32.2400 84.8550 5.5750 4
 59.1500 4 0 1 2 32.5200 80.4000 4.5700 5
 62.1800 4 2 1 3 30.7600 84 4.9100 4
 63.7200 4 0 1 4 31.1700 84.4950 5.5050 3
 58.2000 4 2 1 4 30.9300 76.8000 5.1000 6
 63.2000 2 2 1 2 35.1100 85.5600 5.1100 4
 63.3900 3 1 1 1 30.7600 84.7200 5.2350 3
 59.5200 2 0 2 4 35.2300 79.7100 4.8850 1
 63.7500 4 3 2 3 34.1500 82.4550 5.3650 6
 59.5600 5 3 2 4 34.8500 81.1350 4.7450 8
 55.7300 1 2 1 2 31.6400 76.6800 3.6450 3
 61.2000 3 4 2 3 34.9900 86.9400 5.3800 9
 62.0200 2 3 2 4 34.6200 82.7850 5.3400 4
 63.4600 2 3 1 4 32.1600 83.7750 5.4700 4
 61.5900 4 2 2 1 35.9600 83.6700 4.7550 4
 63.6700 2 3 1 1 30.2000 84.6900 5.7200 4
 62.5700 6 3 2 4 31.6400 84.4500 5.9450 4
 64.7300 2 1 2 2 34.1300 84.7950 5.7050 3
 60.5400 1 2 1 2 33.5500 83.2200 4.3600 3
 60.3200 3 2 2 4 34.9300 83.1150 5.3600 5
 55.1300 1 3 2 1 32.7900 74.7900 3.7150 5
 59.2200 5 2 1 1 30.9700 80.2200 4.4800 3
 63.7300 1 2 1 2 30.6200 84.4800 4.6150 3
 60.9600 4 2 1 1 33.4700 85.0650 5.1100 7
 60.8800 3 4 2 1 34.8700 81.8250 5.7250 6
 59.6900 1 3 1 2 29.5200 82.7250 5.0700 4
 60.1600 5 1 1 4 33.5300 83.3400 5.0650 2
 60.7800 2 1 2 3 35.9300 83.1000 3.8700 2
 61.8400 6 2 1 4 33.4000 81.2700 5.8650 7
 59.5900 5 7 2 4 37.3500 79.7100 4.5600 11
 59.7700 2 1 1 3 32.2300 80.3550 5.4650 5
 61.8900 3 0 2 2 32.1500 83.4450 4.9600 1
 59.7700 3 0 2 4 34.0100 80.5350 4.3550 2
 60.7300 4 4 2 2 33.5100 81.2550 5.1850 5
 61.0700 1 0 2 1 33.3200 83.7600 5.1450 1
 63.7900 2 2 1 3 31.1500 85.0050 5.2700 3
 62.6100 5 3 2 4 33.4900 85.7100 5.0250 7
