 61.3900 4 2 1 4 31.7900 84.1200 5.2900 3
 63.8000 1 3 1 2 31.2000 85.5000 4.5000 6
 61.5900 5 1 2 4 34.2200 85.3950 5.2850 2
 58.8900 3 0 1 2 33.0700 80.5500 4.4550 1
 59.1700 4 1 1 1 35.4900 80.7450 4.8450 4
 62.1500 0 1 1 4 32.3400 82.2000 5.8450 6
 60.7800 3 4 1 4 29.8800 83.9100 4.5700 6
 58.8700 2 3 1 2 32.2000 80.5500 3.8400 4
 58.7500 2 5 2 3 32.4400 80.2650 5.0050 6
 57.6700 3 1 2 1 32.1600 78.1500 4.1550 4
 59.5000 7 0 2 2 34.0300 81.5250 4.8200 1
 60.5200 3 2 2 4 33.8300 81.8250 4.7400 3
 58.8300 5 3 1 4 31.5000 78.5100 4.7750 4
 58.2300 4 3 2 2 35.4500 79.3650 4.7550 8
 60.0200 3 6 2 1 31.6900 80.8950 5.0800 7
 64.4000 4 3 2 3 31.9300 88.2600 5.7100 4
 61.3100 4 5 1 4 32.3300 84.9900 4.9700 7
 66.3000 2 2 1 1 33.1300 87.5100 6.3450 7
 62.3700 3 2 1 3 33.3100 83.4000 4.0800 5
 61.8300 6 2 2 1 31.2100 84.3450 5.2350 7
 58.0800 5 3 1 2 31.0400 80.8950 4.7150 5
 64.1800 4 1 2 3 33.4100 84.9600 4.9750 3
 59.4200 3 3 1 1 32.0100 80.0700 5.1500 4
 64.8200 1 1 1 4 29.4400 89.3100 5.3600 3
 65.2900 1 2 1 4 33.1500 88.1250 5.4900 3
 61.5700 1 2 1 2 34.4100 82.7850 5.3850 4
 61.0600 1 1 1 4 32.4500 84.6300 5.0850 3
 59.9200 3 1 2 3 34.8700 79.0500 4.3350 2
 59.3600 2 2 2 1 33.1200 79.2600 4.8850 4
 64.5400 3 2 2 3 34.1000 87.7200 5.7000 4
 61.9200 3 1 1 4 31.9100 82.5150 4.6300 2
 58.6600 2 1 2 2 33.6200 79.1700 4.8050 2
 60.7200 0 1 1 1 29.8100 82.5300 4.0950 2
 60.1100 1 1 2 2 34.2000 81.2100 4.7850 6
 66.5400 3 5 1 2 33.5900 87.8100 5.4300 6
 62.0600 3 0 1 4 31.0800 80.9250 5.0500 5
 59.1800 2 2 1 4 30.8300 79.9200 5.0200 7
 62.8500 4 2 1 2 31.9300 85.3650 5.5700 3
 63.3600 2 1 2 2 32.8300 86.3100 5.7150 2
 63.2500 4 3 2 1 36.5300 86.2950 5.3600 5
 61.1400 2 1 2 4 35 82.0350 5.2700 4
 60.4600 2 1 2 3 32.6200 81.9900 4.4000 2
 63.2300 3 3 1 1 31.4800 83.5050 5.5950 4
 60.4200 1 2 2 4 32.3900 83.9250 4.7250 4
 63.3500 5 0 1 4 30.1500 86.2200 4.6150 1
 56.7600 3 1 2 3 32.5100 78.5850 4.7700 2
 63.9100 0 5 2 2 31.3100 83.5650 5.3200 7
 57.2700 1 0 1 4 34.6300 79.1550 5.0700 2
 61.2100 4 0 2 1 34.5200 82.4850 5.0600 1
 63.3900 2 2 1 4 31.4400 87.3300 4.7550 3
 62.2700 0 3 1 4 32.2400 83.3250 5.2100 6
 60.0800 3 3 1 4 30.4000 82.0050 5.0500 4
 55.0600 3 2 2 3 33.0100 74.5200 3.9300 7
 62.0100 4 4 1 4 32.1900 86.1000 5 5
 55.9200 2 2 2 2 33.1100 75.3450 5.0250 4
 62.3600 5 0 1 3 32.2600 83.2050 5.4300 3
 57.5200 2 1 1 3 32.5300 76.7100 4.8900 3
 60.3200 3 2 2 2 32.4500 81.4500 4.4550 5
 65.4100 1 2 1 3 32.6000 86.8650 5.9450 3
 58.1000 4 3 2 1 35.8300 78.1500 4.1300 8
 61.8100 4 1 2 1 34.5400 84.1350 5.0300 2
 58.1200 3 2 2 4 33.9100 81.6300 4.1900 3
 63.8600 1 2 1 1 31.9700 86.7750 4.9450 3
 58.2600 2 3 1 1 34.0600 81.9300 4.4350 7
 60.8000 2 1 1 3 32.5700 81.5550 4.7250 5
 60.4100 4 3 2 3 30.6900 81.5850 5.2750 4
 62.1400 3 1 1 1 32.1100 84.6900 5.6800 3
 56.6700 6 4 2 2 34.7400 78.3300 4.6500 5
 58.7200 0 3 1 4 30.7200 79.4250 5.0100 6
 63.4300 2 3 2 1 32.5800 89.9100 4.5300 4
 59.2600 4 3 2 3 35.6900 79.9050 4.6950 7
 63.1000 7 6 1 1 30.2700 85.7850 4.9250 8
 62.2200 1 2 1 2 31.1900 86.8650 4.4500 4
 61.0100 4 0 1 2 31.5600 83.9250 4.6500 1
 62.9700 6 0 1 1 34.4000 82.4100 5.7200 1
 64.6600 2 1 1 4 31.4600 88.4700 5.3900 2
 61.3700 1 3 2 3 33.3600 81.7200 4.8650 4
 57.8400 4 2 1 1 31.1700 78.6150 5.2000 3
 58.7000 1 2 2 2 36.3300 79.8450 4.3900 3
 64.6300 3 1 2 2 32.9500 87.2250 4.7750 2
 61.3900 5 3 2 3 34.3300 82.4700 4.8000 6
 59.4500 2 3 1 2 33.2600 81.6900 5.3950 5
 59.5400 2 2 2 1 34.4900 82.6050 4.9500 4
 59.3400 1 3 1 4 33.1000 81.5850 4.9850 5
 61 2 2 1 1 30.7700 82.3500 5.6850 4
 61.9100 1 0 1 3 33.5300 84.4950 5.4900 1
 60.7300 2 1 2 1 32.9300 81.6900 5.5350 3
 61.8100 1 3 1 3 31.1900 84.7350 4.5400 8
 60.0100 0 1 2 2 33.5000 82.2150 5.0650 2
 55.4100 3 2 2 2 34.3900 77.1000 4.1400 3
 61.1500 1 3 2 2 32.3600 81.8700 4.3500 4
 59.2500 5 2 2 2 34.4600 78.6000 4.7800 7
 62.0700 1 1 2 2 30.3900 84.6600 5.2150 2
 58.3500 1 0 2 4 31.7300 78.2400 5.2500 4
 65.7600 6 4 2 2 32.8900 86.5200 4.9450 9
 59.0200 3 3 1 1 30.5000 76.7550 5.6200 4
 61.8500 2 1 1 3 32.4700 84.9450 5.0050 2
 60.4100 2 4 2 1 34.2500 81.3600 4.7700 7
 59.0400 3 3 1 4 31.1500 79.7850 4.2900 4
 60.4200 1 1 2 2 31.1300 82.5000 5.0400 2
