 9.1300 2 2 1 4 31.1800 16.6440 76.1250 7
 9.1100 2 3 1 4 31.8800 18.2100 82.0500 6
 11.5300 5 1 1 4 30.9600 19.5360 86.4900 6
 9.4500 1 1 1 3 30.4200 18.7830 84.6450 7
 8.4000 6 2 2 3 32.7600 17.7600 79.0350 4
 10.7300 2 5 1 2 32.5600 18.6750 82.8900 7
 9.8000 2 2 1 4 31.7000 18.5940 82.4850 6
 10.1000 2 4 2 4 32.9900 18.3930 81.0750 5
 10.4000 3 1 1 3 31.7600 18.3930 80.6850 4
 9.9900 0 3 2 3 33.6300 17.1690 76.5150 4
 10.4400 5 1 2 4 34.6200 18.8490 85.3200 5
 8.5000 1 3 2 4 34.7900 17.1540 78.2550 6
 8.7000 3 3 2 2 33.4100 16.5930 76.7100 6
 11.1600 4 2 2 4 33.5100 17.0970 77.7750 5
 11.1600 2 1 1 3 31.5100 18.9480 85.4850 5
 10.4500 2 2 1 3 31.2800 19.2570 85.8300 6
 11.0600 1 3 2 3 35.5800 17.9700 82.4400 6
 8.8300 1 1 1 3 33.4000 18.3120 82.1400 4
 10.6200 1 0 1 1 32.2600 17.8980 81.1650 5
 10.1100 1 4 1 1 33.0900 18.3180 82.1550 2
 9.2300 3 4 1 4 30.4900 18.0630 81.8850 8
 11.3600 3 3 1 3 33.7200 18.2940 86.7900 6
 10.0600 3 2 2 3 32.7200 17.2200 78.1800 4
 10.1300 2 2 2 4 36.0200 18.4950 83.2350 6
 9.9800 1 3 1 2 33.0400 17.5650 78.7500 3
 9.9400 2 1 1 4 32.2100 18.3930 81.6150 6
 10.6500 3 4 2 3 35.6100 18.5040 84.1050 4
 10.7900 1 0 2 2 35.5600 18.5040 82.8150 4
 10.5900 1 1 1 3 31.8800 18.7170 84.4050 5
 7.7800 2 0 1 2 33.1500 17.1780 79.1700 5
 9.3400 3 3 1 2 32.7000 17.4630 78.1500 6
 10.3000 1 3 1 4 30.6400 18.9690 85.2600 6
 9.7000 3 1 1 2 31.8900 17.4060 78.9450 3
 9.1300 4 4 1 4 31.0400 18.7620 84.6750 5
 9.4700 2 1 1 4 33.4700 18.2070 80.2500 7
 9.5000 2 3 1 4 33.1200 17.4750 81.6900 5
 11.0900 0 4 2 4 36.2100 19.7220 86.1150 6
 9.7900 2 2 2 3 35.1100 18.5640 81.0900 4
 10.1300 3 2 2 2 36.3500 18.5280 81.9750 3
 9.8700 3 1 1 4 30.3700 17.6700 79.8750 5
 9.9600 0 3 2 2 31.9000 17.4570 80.3700 6
 9.6100 4 1 2 1 32.5200 18.1500 83.0250 2
 9.6000 0 1 1 4 32.8400 18.5700 82.6650 6
 10.9400 2 1 1 4 29.9500 18.4290 83.2800 6
 10.1200 2 2 2 4 32.0500 18.3780 79.8450 9
 10.0400 3 1 2 4 32.3000 19.2360 85.8000 9
 9.0400 3 0 1 3 33.6100 17.5710 80.2650 5
 10.5100 1 2 1 2 33.1500 17.5710 82.0350 4
 9.5800 6 1 2 2 34.2700 18.0180 80.3550 3
 8.3100 1 1 2 1 33.1500 16.9050 77.3850 2
 10.6200 0 2 2 2 34.2800 19.3620 86.4450 7
 9.1400 2 4 2 2 34.9700 17.7210 80.0100 4
 9.7000 3 2 2 3 32.9400 18.2460 79.4400 4
 10.6800 4 2 2 1 35.6000 19.3620 86.4900 2
 10.5500 1 4 2 3 35.1300 18.1890 84.5850 6
 9.3900 5 2 2 4 32.8400 17.5410 79.7100 6
 9.2800 3 6 2 2 35.1000 18.3390 82.2600 3
 10.6900 4 2 1 3 31.8400 18.6360 83.4750 4
 10.1900 3 3 1 4 34.0500 17.8500 80.7000 9
 9.7700 3 2 1 3 31.5500 18.1320 82.3650 5
 9.3600 4 1 1 4 31.9400 17.8860 83.7300 5
 10.5400 2 0 2 1 35.7900 18.7830 82.3950 2
 9.7900 2 0 2 3 33.5600 16.7460 76.5300 6
 11.1500 5 3 1 4 32.2400 18.9360 84.8550 5
 9.1400 4 0 1 2 32.5200 17.7450 80.4000 7
 9.8200 4 2 1 3 30.7600 18.6540 84 5
 11.0100 4 0 1 4 31.1700 19.1160 84.4950 7
 10.2000 4 2 1 4 30.9300 17.4600 76.8000 8
 10.2200 2 2 1 2 35.1100 18.9600 85.5600 4
 10.4700 3 1 1 1 30.7600 19.0170 84.7200 3
 9.7700 2 0 2 4 35.2300 17.8560 79.7100 5
 10.7300 4 3 2 3 34.1500 19.1250 82.4550 6
 9.4900 5 3 2 4 34.8500 17.8680 81.1350 9
 7.2900 1 2 1 2 31.6400 16.7190 76.6800 3
 10.7600 3 4 2 3 34.9900 18.3600 86.9400 8
 10.6800 2 3 2 4 34.6200 18.6060 82.7850 5
 10.9400 2 3 1 4 32.1600 19.0380 83.7750 5
 9.5100 4 2 2 1 35.9600 18.4770 83.6700 3
 11.4400 2 3 1 1 30.2000 19.1010 84.6900 2
 11.8900 6 3 2 4 31.6400 18.7710 84.4500 5
 11.4100 2 1 2 2 34.1300 19.4190 84.7950 4
 8.7200 1 2 1 2 33.5500 18.1620 83.2200 3
 10.7200 3 2 2 4 34.9300 18.0960 83.1150 7
 7.4300 1 3 2 1 32.7900 16.5390 74.7900 3
 8.9600 5 2 1 1 30.9700 17.7660 80.2200 2
 9.2300 1 2 1 2 30.6200 19.1190 84.4800 3
 10.2200 4 2 1 1 33.4700 18.2880 85.0650 6
 11.4500 3 4 2 1 34.8700 18.2640 81.8250 3
 10.1400 1 3 1 2 29.5200 17.9070 82.7250 3
 10.1300 5 1 1 4 33.5300 18.0480 83.3400 5
 7.7400 2 1 2 3 35.9300 18.2340 83.1000 4
 11.7300 6 2 1 4 33.4000 18.5520 81.2700 9
 9.1200 5 7 2 4 37.3500 17.8770 79.7100 8
 10.9300 2 1 1 3 32.2300 17.9310 80.3550 7
 9.9200 3 0 2 2 32.1500 18.5670 83.4450 3
 8.7100 3 0 2 4 34.0100 17.9310 80.5350 6
 10.3700 4 4 2 2 33.5100 18.2190 81.2550 3
 10.2900 1 0 2 1 33.3200 18.3210 83.7600 2
 10.5400 2 2 1 3 31.1500 19.1370 85.0050 4
 10.0500 5 3 2 4 33.4900 18.7830 85.7100 8
