 10.5800 4 2 1 4 31.7900 18.4170 84.1200 5
 9 1 3 1 2 31.2000 19.1400 85.5000 5
 10.5700 5 1 2 4 34.2200 18.4770 85.3950 5
 8.9100 3 0 1 2 33.0700 17.6670 80.5500 3
 9.6900 4 1 1 1 35.4900 17.7510 80.7450 4
 11.6900 0 1 1 4 32.3400 18.6450 82.2000 9
 9.1400 3 4 1 4 29.8800 18.2340 83.9100 6
 7.6800 2 3 1 2 32.2000 17.6610 80.5500 3
 10.0100 2 5 2 3 32.4400 17.6250 80.2650 4
 8.3100 3 1 2 1 32.1600 17.3010 78.1500 4
 9.6400 7 0 2 2 34.0300 17.8500 81.5250 3
 9.4800 3 2 2 4 33.8300 18.1560 81.8250 5
 9.5500 5 3 1 4 31.5000 17.6490 78.5100 5
 9.5100 4 3 2 2 35.4500 17.4690 79.3650 7
 10.1600 3 6 2 1 31.6900 18.0060 80.8950 2
 11.4200 4 3 2 3 31.9300 19.3200 88.2600 4
 9.9400 4 5 1 4 32.3300 18.3930 84.9900 6
 12.6900 2 2 1 1 33.1300 19.8900 87.5100 6
 8.1600 3 2 1 3 33.3100 18.7110 83.4000 6
 10.4700 6 2 2 1 31.2100 18.5490 84.3450 6
 9.4300 5 3 1 2 31.0400 17.4240 80.8950 4
 9.9500 4 1 2 3 33.4100 19.2540 84.9600 5
 10.3000 3 3 1 1 32.0100 17.8260 80.0700 2
 10.7200 1 1 1 4 29.4400 19.4460 89.3100 6
 10.9800 1 2 1 4 33.1500 19.5870 88.1250 5
 10.7700 1 2 1 2 34.4100 18.4710 82.7850 4
 10.1700 1 1 1 4 32.4500 18.3180 84.6300 6
 8.6700 3 1 2 3 34.8700 17.9760 79.0500 4
 9.7700 2 2 2 1 33.1200 17.8080 79.2600 3
 11.4000 3 2 2 3 34.1000 19.3620 87.7200 5
 9.2600 3 1 1 4 31.9100 18.5760 82.5150 5
 9.6100 2 1 2 2 33.6200 17.5980 79.1700 3
 8.1900 0 1 1 1 29.8100 18.2160 82.5300 2
 9.5700 1 1 2 2 34.2000 18.0330 81.2100 7
 10.8600 3 5 1 2 33.5900 19.9620 87.8100 3
 10.1000 3 0 1 4 31.0800 18.6180 80.9250 9
 10.0400 2 2 1 4 30.8300 17.7540 79.9200 9
 11.1400 4 2 1 2 31.9300 18.8550 85.3650 3
 11.4300 2 1 2 2 32.8300 19.0080 86.3100 3
 10.7200 4 3 2 1 36.5300 18.9750 86.2950 3
 10.5400 2 1 2 4 35 18.3420 82.0350 7
 8.8000 2 1 2 3 32.6200 18.1380 81.9900 4
 11.1900 3 3 1 1 31.4800 18.9690 83.5050 2
 9.4500 1 2 2 4 32.3900 18.1260 83.9250 6
 9.2300 5 0 1 4 30.1500 19.0050 86.2200 5
 9.5400 3 1 2 3 32.5100 17.0280 78.5850 4
 10.6400 0 5 2 2 31.3100 19.1730 83.5650 4
 10.1400 1 0 1 4 34.6300 17.1810 79.1550 6
 10.1200 4 0 2 1 34.5200 18.3630 82.4850 2
 9.5100 2 2 1 4 31.4400 19.0170 87.3300 5
 10.4200 0 3 1 4 32.2400 18.6810 83.3250 7
 10.1000 3 3 1 4 30.4000 18.0240 82.0050 5
 7.8600 3 2 2 3 33.0100 16.5180 74.5200 8
 10 4 4 1 4 32.1900 18.6030 86.1000 5
 10.0500 2 2 2 2 33.1100 16.7760 75.3450 4
 10.8600 5 0 1 3 32.2600 18.7080 83.2050 6
 9.7800 2 1 1 3 32.5300 17.2560 76.7100 5
 8.9100 3 2 2 2 32.4500 18.0960 81.4500 5
 11.8900 1 2 1 3 32.6000 19.6230 86.8650 4
 8.2600 4 3 2 1 35.8300 17.4300 78.1500 6
 10.0600 4 1 2 1 34.5400 18.5430 84.1350 2
 8.3800 3 2 2 4 33.9100 17.4360 81.6300 5
 9.8900 1 2 1 1 31.9700 19.1580 86.7750 2
 8.8700 2 3 1 1 34.0600 17.4780 81.9300 5
 9.4500 2 1 1 3 32.5700 18.2400 81.5550 7
 10.5500 4 3 2 3 30.6900 18.1230 81.5850 4
 11.3600 3 1 1 1 32.1100 18.6420 84.6900 3
 9.3000 6 4 2 2 34.7400 17.0010 78.3300 3
 10.0200 0 3 1 4 30.7200 17.6160 79.4250 7
 9.0600 2 3 2 1 32.5800 19.0290 89.9100 2
 9.3900 4 3 2 3 35.6900 17.7780 79.9050 7
 9.8500 7 6 1 1 30.2700 18.9300 85.7850 3
 8.9000 1 2 1 2 31.1900 18.6660 86.8650 4
 9.3000 4 0 1 2 31.5600 18.3030 83.9250 3
 11.4400 6 0 1 1 34.4000 18.8910 82.4100 2
 10.7800 2 1 1 4 31.4600 19.3980 88.4700 5
 9.7300 1 3 2 3 33.3600 18.4110 81.7200 4
 10.4000 4 2 1 1 31.1700 17.3520 78.6150 2
 8.7800 1 2 2 2 36.3300 17.6100 79.8450 3
 9.5500 3 1 2 2 32.9500 19.3890 87.2250 3
 9.6000 5 3 2 3 34.3300 18.4170 82.4700 6
 10.7900 2 3 1 2 33.2600 17.8350 81.6900 4
 9.9000 2 2 2 1 34.4900 17.8620 82.6050 3
 9.9700 1 3 1 4 33.1000 17.8020 81.5850 6
 11.3700 2 2 1 1 30.7700 18.3000 82.3500 3
 10.9800 1 0 1 3 33.5300 18.5730 84.4950 4
 11.0700 2 1 2 1 32.9300 18.2190 81.6900 3
 9.0800 1 3 1 3 31.1900 18.5430 84.7350 8
 10.1300 0 1 2 2 33.5000 18.0030 82.2150 3
 8.2800 3 2 2 2 34.3900 16.6230 77.1000 3
 8.7000 1 3 2 2 32.3600 18.3450 81.8700 3
 9.5600 5 2 2 2 34.4600 17.7750 78.6000 7
 10.4300 1 1 2 2 30.3900 18.6210 84.6600 3
 10.5000 1 0 2 4 31.7300 17.5050 78.2400 8
 9.8900 6 4 2 2 32.8900 19.7280 86.5200 7
 11.2400 3 3 1 1 30.5000 17.7060 76.7550 2
 10.0100 2 1 1 3 32.4700 18.5550 84.9450 4
 9.5400 2 4 2 1 34.2500 18.1230 81.3600 4
 8.5800 3 3 1 4 31.1500 17.7120 79.7850 5
 10.0800 1 1 2 2 31.1300 18.1260 82.5000 3
