 2 2 1 4 16.6440 76.1250 4.5650 46.7700 4
 2 3 1 4 18.2100 82.0500 4.5550 47.8200 5
 5 1 1 4 19.5360 86.4900 5.7650 46.4400 6
 1 1 1 3 18.7830 84.6450 4.7250 45.6300 2
 6 2 2 3 17.7600 79.0350 4.2000 49.1400 8
 2 5 1 2 18.6750 82.8900 5.3650 48.8400 7
 2 2 1 4 18.5940 82.4850 4.9000 47.5500 4
 2 4 2 4 18.3930 81.0750 5.0500 49.4850 6
 3 1 1 3 18.3930 80.6850 5.2000 47.6400 4
 0 3 2 3 17.1690 76.5150 4.9950 50.4450 3
 5 1 2 4 18.8490 85.3200 5.2200 51.9300 6
 1 3 2 4 17.1540 78.2550 4.2500 52.1850 4
 3 3 2 2 16.5930 76.7100 4.3500 50.1150 6
 4 2 2 4 17.0970 77.7750 5.5800 50.2650 6
 2 1 1 3 18.9480 85.4850 5.5800 47.2650 3
 2 2 1 3 19.2570 85.8300 5.2250 46.9200 4
 1 3 2 3 17.9700 82.4400 5.5300 53.3700 4
 1 1 1 3 18.3120 82.1400 4.4150 50.1000 2
 1 0 1 1 17.8980 81.1650 5.3100 48.3900 1
 1 4 1 1 18.3180 82.1550 5.0550 49.6350 5
 3 4 1 4 18.0630 81.8850 4.6150 45.7350 7
 3 3 1 3 18.2940 86.7900 5.6800 50.5800 6
 3 2 2 3 17.2200 78.1800 5.0300 49.0800 5
 2 2 2 4 18.4950 83.2350 5.0650 54.0300 4
 1 3 1 2 17.5650 78.7500 4.9900 49.5600 4
 2 1 1 4 18.3930 81.6150 4.9700 48.3150 3
 3 4 2 3 18.5040 84.1050 5.3250 53.4150 7
 1 0 2 2 18.5040 82.8150 5.3950 53.3400 1
 1 1 1 3 18.7170 84.4050 5.2950 47.8200 2
 2 0 1 2 17.1780 79.1700 3.8900 49.7250 2
 3 3 1 2 17.4630 78.1500 4.6700 49.0500 6
 1 3 1 4 18.9690 85.2600 5.1500 45.9600 4
 3 1 1 2 17.4060 78.9450 4.8500 47.8350 4
 4 4 1 4 18.7620 84.6750 4.5650 46.5600 8
 2 1 1 4 18.2070 80.2500 4.7350 50.2050 3
 2 3 1 4 17.4750 81.6900 4.7500 49.6800 5
 0 4 2 4 19.7220 86.1150 5.5450 54.3150 4
 2 2 2 3 18.5640 81.0900 4.8950 52.6650 4
 3 2 2 2 18.5280 81.9750 5.0650 54.5250 5
 3 1 1 4 17.6700 79.8750 4.9350 45.5550 4
 0 3 2 2 17.4570 80.3700 4.9800 47.8500 3
 4 1 2 1 18.1500 83.0250 4.8050 48.7800 5
 0 1 1 4 18.5700 82.6650 4.8000 49.2600 1
 2 1 1 4 18.4290 83.2800 5.4700 44.9250 3
 2 2 2 4 18.3780 79.8450 5.0600 48.0750 4
 3 1 2 4 19.2360 85.8000 5.0200 48.4500 4
 3 0 1 3 17.5710 80.2650 4.5200 50.4150 3
 1 2 1 2 17.5710 82.0350 5.2550 49.7250 3
 6 1 2 2 18.0180 80.3550 4.7900 51.4050 7
 1 1 2 1 16.9050 77.3850 4.1550 49.7250 2
 0 2 2 2 19.3620 86.4450 5.3100 51.4200 2
 2 4 2 2 17.7210 80.0100 4.5700 52.4550 6
 3 2 2 3 18.2460 79.4400 4.8500 49.4100 5
 4 2 2 1 19.3620 86.4900 5.3400 53.4000 6
 1 4 2 3 18.1890 84.5850 5.2750 52.6950 5
 5 2 2 4 17.5410 79.7100 4.6950 49.2600 7
 3 6 2 2 18.3390 82.2600 4.6400 52.6500 9
 4 2 1 3 18.6360 83.4750 5.3450 47.7600 6
 3 3 1 4 17.8500 80.7000 5.0950 51.0750 6
 3 2 1 3 18.1320 82.3650 4.8850 47.3250 5
 4 1 1 4 17.8860 83.7300 4.6800 47.9100 5
 2 0 2 1 18.7830 82.3950 5.2700 53.6850 2
 2 0 2 3 16.7460 76.5300 4.8950 50.3400 2
 5 3 1 4 18.9360 84.8550 5.5750 48.3600 8
 4 0 1 2 17.7450 80.4000 4.5700 48.7800 4
 4 2 1 3 18.6540 84 4.9100 46.1400 6
 4 0 1 4 19.1160 84.4950 5.5050 46.7550 4
 4 2 1 4 17.4600 76.8000 5.1000 46.3950 6
 2 2 1 2 18.9600 85.5600 5.1100 52.6650 4
 3 1 1 1 19.0170 84.7200 5.2350 46.1400 4
 2 0 2 4 17.8560 79.7100 4.8850 52.8450 2
 4 3 2 3 19.1250 82.4550 5.3650 51.2250 7
 5 3 2 4 17.8680 81.1350 4.7450 52.2750 8
 1 2 1 2 16.7190 76.6800 3.6450 47.4600 3
 3 4 2 3 18.3600 86.9400 5.3800 52.4850 7
 2 3 2 4 18.6060 82.7850 5.3400 51.9300 5
 2 3 1 4 19.0380 83.7750 5.4700 48.2400 5
 4 2 2 1 18.4770 83.6700 4.7550 53.9400 6
 2 3 1 1 19.1010 84.6900 5.7200 45.3000 5
 6 3 2 4 18.7710 84.4500 5.9450 47.4600 9
 2 1 2 2 19.4190 84.7950 5.7050 51.1950 3
 1 2 1 2 18.1620 83.2200 4.3600 50.3250 3
 3 2 2 4 18.0960 83.1150 5.3600 52.3950 5
 1 3 2 1 16.5390 74.7900 3.7150 49.1850 4
 5 2 1 1 17.7660 80.2200 4.4800 46.4550 7
 1 2 1 2 19.1190 84.4800 4.6150 45.9300 3
 4 2 1 1 18.2880 85.0650 5.1100 50.2050 6
 3 4 2 1 18.2640 81.8250 5.7250 52.3050 7
 1 3 1 2 17.9070 82.7250 5.0700 44.2800 4
 5 1 1 4 18.0480 83.3400 5.0650 50.2950 6
 2 1 2 3 18.2340 83.1000 3.8700 53.8950 3
 6 2 1 4 18.5520 81.2700 5.8650 50.1000 8
 5 7 2 4 17.8770 79.7100 4.5600 56.0250 12
 2 1 1 3 17.9310 80.3550 5.4650 48.3450 3
 3 0 2 2 18.5670 83.4450 4.9600 48.2250 3
 3 0 2 4 17.9310 80.5350 4.3550 51.0150 3
 4 4 2 2 18.2190 81.2550 5.1850 50.2650 8
 1 0 2 1 18.3210 83.7600 5.1450 49.9800 1
 2 2 1 3 19.1370 85.0050 5.2700 46.7250 4
 5 3 2 4 18.7830 85.7100 5.0250 50.2350 8
