 4 2 1 4 18.4170 84.1200 5.2900 47.6850 6
 1 3 1 2 19.1400 85.5000 4.5000 46.8000 4
 5 1 2 4 18.4770 85.3950 5.2850 51.3300 6
 3 0 1 2 17.6670 80.5500 4.4550 49.6050 3
 4 1 1 1 17.7510 80.7450 4.8450 53.2350 5
 0 1 1 4 18.6450 82.2000 5.8450 48.5100 1
 3 4 1 4 18.2340 83.9100 4.5700 44.8200 7
 2 3 1 2 17.6610 80.5500 3.8400 48.3000 5
 2 5 2 3 17.6250 80.2650 5.0050 48.6600 7
 3 1 2 1 17.3010 78.1500 4.1550 48.2400 4
 7 0 2 2 17.8500 81.5250 4.8200 51.0450 7
 3 2 2 4 18.1560 81.8250 4.7400 50.7450 5
 5 3 1 4 17.6490 78.5100 4.7750 47.2500 8
 4 3 2 2 17.4690 79.3650 4.7550 53.1750 7
 3 6 2 1 18.0060 80.8950 5.0800 47.5350 9
 4 3 2 3 19.3200 88.2600 5.7100 47.8950 7
 4 5 1 4 18.3930 84.9900 4.9700 48.4950 9
 2 2 1 1 19.8900 87.5100 6.3450 49.6950 4
 3 2 1 3 18.7110 83.4000 4.0800 49.9650 5
 6 2 2 1 18.5490 84.3450 5.2350 46.8150 8
 5 3 1 2 17.4240 80.8950 4.7150 46.5600 8
 4 1 2 3 19.2540 84.9600 4.9750 50.1150 5
 3 3 1 1 17.8260 80.0700 5.1500 48.0150 6
 1 1 1 4 19.4460 89.3100 5.3600 44.1600 2
 1 2 1 4 19.5870 88.1250 5.4900 49.7250 3
 1 2 1 2 18.4710 82.7850 5.3850 51.6150 3
 1 1 1 4 18.3180 84.6300 5.0850 48.6750 2
 3 1 2 3 17.9760 79.0500 4.3350 52.3050 4
 2 2 2 1 17.8080 79.2600 4.8850 49.6800 4
 3 2 2 3 19.3620 87.7200 5.7000 51.1500 5
 3 1 1 4 18.5760 82.5150 4.6300 47.8650 4
 2 1 2 2 17.5980 79.1700 4.8050 50.4300 3
 0 1 1 1 18.2160 82.5300 4.0950 44.7150 1
 1 1 2 2 18.0330 81.2100 4.7850 51.3000 2
 3 5 1 2 19.9620 87.8100 5.4300 50.3850 8
 3 0 1 4 18.6180 80.9250 5.0500 46.6200 3
 2 2 1 4 17.7540 79.9200 5.0200 46.2450 4
 4 2 1 2 18.8550 85.3650 5.5700 47.8950 6
 2 1 2 2 19.0080 86.3100 5.7150 49.2450 3
 4 3 2 1 18.9750 86.2950 5.3600 54.7950 7
 2 1 2 4 18.3420 82.0350 5.2700 52.5000 3
 2 1 2 3 18.1380 81.9900 4.4000 48.9300 3
 3 3 1 1 18.9690 83.5050 5.5950 47.2200 6
 1 2 2 4 18.1260 83.9250 4.7250 48.5850 3
 5 0 1 4 19.0050 86.2200 4.6150 45.2250 5
 3 1 2 3 17.0280 78.5850 4.7700 48.7650 4
 0 5 2 2 19.1730 83.5650 5.3200 46.9650 5
 1 0 1 4 17.1810 79.1550 5.0700 51.9450 1
 4 0 2 1 18.3630 82.4850 5.0600 51.7800 4
 2 2 1 4 19.0170 87.3300 4.7550 47.1600 4
 0 3 1 4 18.6810 83.3250 5.2100 48.3600 3
 3 3 1 4 18.0240 82.0050 5.0500 45.6000 6
 3 2 2 3 16.5180 74.5200 3.9300 49.5150 5
 4 4 1 4 18.6030 86.1000 5 48.2850 8
 2 2 2 2 16.7760 75.3450 5.0250 49.6650 4
 5 0 1 3 18.7080 83.2050 5.4300 48.3900 5
 2 1 1 3 17.2560 76.7100 4.8900 48.7950 3
 3 2 2 2 18.0960 81.4500 4.4550 48.6750 5
 1 2 1 3 19.6230 86.8650 5.9450 48.9000 3
 4 3 2 1 17.4300 78.1500 4.1300 53.7450 7
 4 1 2 1 18.5430 84.1350 5.0300 51.8100 5
 3 2 2 4 17.4360 81.6300 4.1900 50.8650 5
 1 2 1 1 19.1580 86.7750 4.9450 47.9550 3
 2 3 1 1 17.4780 81.9300 4.4350 51.0900 5
 2 1 1 3 18.2400 81.5550 4.7250 48.8550 3
 4 3 2 3 18.1230 81.5850 5.2750 46.0350 7
 3 1 1 1 18.6420 84.6900 5.6800 48.1650 4
 6 4 2 2 17.0010 78.3300 4.6500 52.1100 10
 0 3 1 4 17.6160 79.4250 5.0100 46.0800 3
 2 3 2 1 19.0290 89.9100 4.5300 48.8700 5
 4 3 2 3 17.7780 79.9050 4.6950 53.5350 7
 7 6 1 1 18.9300 85.7850 4.9250 45.4050 13
 1 2 1 2 18.6660 86.8650 4.4500 46.7850 3
 4 0 1 2 18.3030 83.9250 4.6500 47.3400 4
 6 0 1 1 18.8910 82.4100 5.7200 51.6000 6
 2 1 1 4 19.3980 88.4700 5.3900 47.1900 3
 1 3 2 3 18.4110 81.7200 4.8650 50.0400 4
 4 2 1 1 17.3520 78.6150 5.2000 46.7550 6
 1 2 2 2 17.6100 79.8450 4.3900 54.4950 3
 3 1 2 2 19.3890 87.2250 4.7750 49.4250 4
 5 3 2 3 18.4170 82.4700 4.8000 51.4950 8
 2 3 1 2 17.8350 81.6900 5.3950 49.8900 5
 2 2 2 1 17.8620 82.6050 4.9500 51.7350 4
 1 3 1 4 17.8020 81.5850 4.9850 49.6500 4
 2 2 1 1 18.3000 82.3500 5.6850 46.1550 4
 1 0 1 3 18.5730 84.4950 5.4900 50.2950 1
 2 1 2 1 18.2190 81.6900 5.5350 49.3950 3
 1 3 1 3 18.5430 84.7350 4.5400 46.7850 4
 0 1 2 2 18.0030 82.2150 5.0650 50.2500 1
 3 2 2 2 16.6230 77.1000 4.1400 51.5850 5
 1 3 2 2 18.3450 81.8700 4.3500 48.5400 4
 5 2 2 2 17.7750 78.6000 4.7800 51.6900 7
 1 1 2 2 18.6210 84.6600 5.2150 45.5850 2
 1 0 2 4 17.5050 78.2400 5.2500 47.5950 1
 6 4 2 2 19.7280 86.5200 4.9450 49.3350 10
 3 3 1 1 17.7060 76.7550 5.6200 45.7500 6
 2 1 1 3 18.5550 84.9450 5.0050 48.7050 3
 2 4 2 1 18.1230 81.3600 4.7700 51.3750 6
 3 3 1 4 17.7120 79.7850 4.2900 46.7250 6
 1 1 2 2 18.1260 82.5000 5.0400 46.6950 2
