 55.4800 50.7500 2 2 1 4 4.5650 46.7700 7
 60.7000 54.7000 2 3 1 4 4.5550 47.8200 6
 65.1200 57.6600 5 1 1 4 5.7650 46.4400 6
 62.6100 56.4300 1 1 1 3 4.7250 45.6300 7
 59.2000 52.6900 6 2 2 3 4.2000 49.1400 4
 62.2500 55.2600 2 5 1 2 5.3650 48.8400 7
 61.9800 54.9900 2 2 1 4 4.9000 47.5500 6
 61.3100 54.0500 2 4 2 4 5.0500 49.4850 5
 61.3100 53.7900 3 1 1 3 5.2000 47.6400 4
 57.2300 51.0100 0 3 2 3 4.9950 50.4450 4
 62.8300 56.8800 5 1 2 4 5.2200 51.9300 5
 57.1800 52.1700 1 3 2 4 4.2500 52.1850 6
 55.3100 51.1400 3 3 2 2 4.3500 50.1150 6
 56.9900 51.8500 4 2 2 4 5.5800 50.2650 5
 63.1600 56.9900 2 1 1 3 5.5800 47.2650 5
 64.1900 57.2200 2 2 1 3 5.2250 46.9200 6
 59.9000 54.9600 1 3 2 3 5.5300 53.3700 6
 61.0400 54.7600 1 1 1 3 4.4150 50.1000 4
 59.6600 54.1100 1 0 1 1 5.3100 48.3900 5
 61.0600 54.7700 1 4 1 1 5.0550 49.6350 2
 60.2100 54.5900 3 4 1 4 4.6150 45.7350 8
 60.9800 57.8600 3 3 1 3 5.6800 50.5800 6
 57.4000 52.1200 3 2 2 3 5.0300 49.0800 4
 61.6500 55.4900 2 2 2 4 5.0650 54.0300 6
 58.5500 52.5000 1 3 1 2 4.9900 49.5600 3
 61.3100 54.4100 2 1 1 4 4.9700 48.3150 6
 61.6800 56.0700 3 4 2 3 5.3250 53.4150 4
 61.6800 55.2100 1 0 2 2 5.3950 53.3400 4
 62.3900 56.2700 1 1 1 3 5.2950 47.8200 5
 57.2600 52.7800 2 0 1 2 3.8900 49.7250 5
 58.2100 52.1000 3 3 1 2 4.6700 49.0500 6
 63.2300 56.8400 1 3 1 4 5.1500 45.9600 6
 58.0200 52.6300 3 1 1 2 4.8500 47.8350 3
 62.5400 56.4500 4 4 1 4 4.5650 46.5600 5
 60.6900 53.5000 2 1 1 4 4.7350 50.2050 7
 58.2500 54.4600 2 3 1 4 4.7500 49.6800 5
 65.7400 57.4100 0 4 2 4 5.5450 54.3150 6
 61.8800 54.0600 2 2 2 3 4.8950 52.6650 4
 61.7600 54.6500 3 2 2 2 5.0650 54.5250 3
 58.9000 53.2500 3 1 1 4 4.9350 45.5550 5
 58.1900 53.5800 0 3 2 2 4.9800 47.8500 6
 60.5000 55.3500 4 1 2 1 4.8050 48.7800 2
 61.9000 55.1100 0 1 1 4 4.8000 49.2600 6
 61.4300 55.5200 2 1 1 4 5.4700 44.9250 6
 61.2600 53.2300 2 2 2 4 5.0600 48.0750 9
 64.1200 57.2000 3 1 2 4 5.0200 48.4500 9
 58.5700 53.5100 3 0 1 3 4.5200 50.4150 5
 58.5700 54.6900 1 2 1 2 5.2550 49.7250 4
 60.0600 53.5700 6 1 2 2 4.7900 51.4050 3
 56.3500 51.5900 1 1 2 1 4.1550 49.7250 2
 64.5400 57.6300 0 2 2 2 5.3100 51.4200 7
 59.0700 53.3400 2 4 2 2 4.5700 52.4550 4
 60.8200 52.9600 3 2 2 3 4.8500 49.4100 4
 64.5400 57.6600 4 2 2 1 5.3400 53.4000 2
 60.6300 56.3900 1 4 2 3 5.2750 52.6950 6
 58.4700 53.1400 5 2 2 4 4.6950 49.2600 6
 61.1300 54.8400 3 6 2 2 4.6400 52.6500 3
 62.1200 55.6500 4 2 1 3 5.3450 47.7600 4
 59.5000 53.8000 3 3 1 4 5.0950 51.0750 9
 60.4400 54.9100 3 2 1 3 4.8850 47.3250 5
 59.6200 55.8200 4 1 1 4 4.6800 47.9100 5
 62.6100 54.9300 2 0 2 1 5.2700 53.6850 2
 55.8200 51.0200 2 0 2 3 4.8950 50.3400 6
 63.1200 56.5700 5 3 1 4 5.5750 48.3600 5
 59.1500 53.6000 4 0 1 2 4.5700 48.7800 7
 62.1800 56 4 2 1 3 4.9100 46.1400 5
 63.7200 56.3300 4 0 1 4 5.5050 46.7550 7
 58.2000 51.2000 4 2 1 4 5.1000 46.3950 8
 63.2000 57.0400 2 2 1 2 5.1100 52.6650 4
 63.3900 56.4800 3 1 1 1 5.2350 46.1400 3
 59.5200 53.1400 2 0 2 4 4.8850 52.8450 5
 63.7500 54.9700 4 3 2 3 5.3650 51.2250 6
 59.5600 54.0900 5 3 2 4 4.7450 52.2750 9
 55.7300 51.1200 1 2 1 2 3.6450 47.4600 3
 61.2000 57.9600 3 4 2 3 5.3800 52.4850 8
 62.0200 55.1900 2 3 2 4 5.3400 51.9300 5
 63.4600 55.8500 2 3 1 4 5.4700 48.2400 5
 61.5900 55.7800 4 2 2 1 4.7550 53.9400 3
 63.6700 56.4600 2 3 1 1 5.7200 45.3000 2
 62.5700 56.3000 6 3 2 4 5.9450 47.4600 5
 64.7300 56.5300 2 1 2 2 5.7050 51.1950 4
 60.5400 55.4800 1 2 1 2 4.3600 50.3250 3
 60.3200 55.4100 3 2 2 4 5.3600 52.3950 7
 55.1300 49.8600 1 3 2 1 3.7150 49.1850 3
 59.2200 53.4800 5 2 1 1 4.4800 46.4550 2
 63.7300 56.3200 1 2 1 2 4.6150 45.9300 3
 60.9600 56.7100 4 2 1 1 5.1100 50.2050 6
 60.8800 54.5500 3 4 2 1 5.7250 52.3050 3
 59.6900 55.1500 1 3 1 2 5.0700 44.2800 3
 60.1600 55.5600 5 1 1 4 5.0650 50.2950 5
 60.7800 55.4000 2 1 2 3 3.8700 53.8950 4
 61.8400 54.1800 6 2 1 4 5.8650 50.1000 9
 59.5900 53.1400 5 7 2 4 4.5600 56.0250 8
 59.7700 53.5700 2 1 1 3 5.4650 48.3450 7
 61.8900 55.6300 3 0 2 2 4.9600 48.2250 3
 59.7700 53.6900 3 0 2 4 4.3550 51.0150 6
 60.7300 54.1700 4 4 2 2 5.1850 50.2650 3
 61.0700 55.8400 1 0 2 1 5.1450 49.9800 2
 63.7900 56.6700 2 2 1 3 5.2700 46.7250 4
 62.6100 57.1400 5 3 2 4 5.0250 50.2350 8
